990716	00015049	1433	00	01
990716	00000689	1447	00	01
990716	00000689	1449	00	01
990716	00000689	1449	00	01
990716	00000689	1451	00	01
990716	00000689	1455	00	01
990716	00011958	1500	00	01
990716	00000689	1510	00	01
990716	00064644	1511	00	01
990716	00048355	1802	00	01
990716	00052555	1828	00	01
990716	00035330	1930	00	01
990716	00064644	1959	00	01
990716	00065492	2000	00	01
990716	00063826	2005	00	01
990716	00052068	2015	00	01
990716	00002020	2042	00	01
990716	00023233	2100	00	01
990716	00001414	2100	00	01
990716	00001515	2104	00	01
990716	00061572	2106	00	01
990716	00030294	2141	00	01
990719	00015049	0701	00	01
990719	00030294	0719	00	01
990719	00001515	0725	00	01
990719	00011958	0750	03	01
990719	00061572	0806	00	01
990719	00052555	0837	00	01
990719	00048355	1124	00	01
990719	00023233	1327	00	01
990719	00063826	1338	00	01
990719	00002020	1350	00	01
990719	00065492	1401	00	01
990719	00052068	1413	00	01
990719	00064644	1427	00	01
990719	00052555	1600	00	01
990719	00015049	1748	00	01
990719	00048355	1807	00	01
990719	00061572	1904	00	01
990719	00064644	1958	00	01
990719	00065492	2002	00	01
990719	00063826	2005	00	01
990719	00052068	2018	00	01
990719	00002020	2041	00	01
990719	00023233	2100	00	01
990719	00011958	2103	00	01
990719	00001515	2105	00	01
990719	00030294	2105	00	01
990720	00015049	0701	00	01
990720	00030294	0719	00	01
990720	00002020	0746	00	01
990720	00011958	0802	03	01
990720	00052555	0820	00	01
990720	00061572	0821	00	01
990720	00048355	1012	00	01
990720	00048355	1012	00	01
990720	00060755	1327	00	01
990720	00063826	1333	00	01
990720	00023233	1346	00	01
990720	00065492	1401	00	01
990720	00052068	1416	00	01
990720	00064644	1423	00	01
990720	00001515	1426	00	01
990720	00030294	1433	00	01
990720	00052555	1545	00	01
990720	00061572	1552	00	01
990720	00015049	1717	00	01
990720	00048355	1850	00	01
990720	00048355	1851	00	01
990720	00065492	2002	00	01
990720	00064644	2013	00	01
990720	00063826	2014	00	01
990720	00023233	2015	00	01
990720	00052068	2020	00	01
990720	00002020	2051	00	01
990720	00011958	2104	00	01
990720	00060755	2104	00	01
990720	00001515	2105	00	01
990721	00015049	0707	00	01
990721	00030294	0718	00	01
990721	00001515	0740	00	01
990721	00052555	0742	00	01
990721	00061572	0755	00	01
990721	00011958	0829	03	01
990721	00048355	1042	00	01
990721	00060755	1327	00	01
990721	00002020	1329	00	01
990721	00063826	1340	00	01
990721	00023233	1342	00	01
990721	00065492	1401	00	01
990721	00052068	1407	00	01
990721	00064644	1423	00	01
990721	00030294	1431	00	01
990721	00011958	1503	00	01
990721	00052555	1515	00	01
990721	00015049	1739	00	01
990721	00048355	1805	00	01
990721	00048355	1805	00	01
990721	00063826	1855	00	01
990721	00065492	2000	00	01
990721	00064644	2005	00	01
990721	00052068	2017	00	01
990721	00061572	2028	00	01
990721	00002020	2044	00	01
990721	00023233	2101	00	01
990721	00060755	2104	00	01
990721	00001515	2106	00	01
990722	00015049	0655	00	01
990722	00030294	0718	00	01
990722	00002020	0754	00	01
990722	00011958	0803	03	01
990722	00052555	0810	00	01
990722	00061572	0817	00	01
990722	00048355	1041	00	01
990722	00048355	1041	00	01
990722	00060755	1325	00	01
990722	00023233	1334	00	01
990722	00063826	1348	00	01
990722	00052068	1402	00	01
990722	00065492	1428	00	01
990722	00030294	1429	00	01
990722	00001515	1430	00	01
990722	00064644	1432	00	01
990722	00011958	1500	00	01
990722	00052555	1532	00	01
990722	00015049	1608	00	01
990722	00048355	1845	00	01
990722	00065492	1952	00	01
990722	00063826	2000	00	01
990722	00001515	2015	00	01
990722	00052068	2021	00	01
990722	00064644	2022	00	01
990722	00002020	2042	00	01
990722	00023233	2100	00	01
990722	00061572	2120	00	01
990722	00060755	2157	00	01
990723	00030294	0716	00	01
990723	00015049	0719	00	01
990723	00001515	0733	00	01
990723	00011958	0800	03	01
990723	00052555	0803	00	01
990723	00061572	0841	00	01
990723	00048355	1026	00	01
990723	00023233	1327	00	01
990723	00060755	1328	00	01
990723	00063826	1347	00	01
990723	00064644	1416	00	01
990723	00052068	1416	00	01
990723	00065492	1427	00	01
990723	00030294	1440	00	01
990723	00011958	1526	00	01
990723	00052555	1530	00	01
990723	00048355	1804	00	01
990723	00064644	1958	00	01
990723	00065492	2002	00	01
990723	00063826	2013	00	01
990723	00052068	2022	00	01
990723	00023233	2101	00	01
990723	00061572	2106	00	01
990723	00001515	2111	00	01
990723	00015049	2111	00	01
990723	00060755	2112	00	01
990724	00015049	0656	00	01
990724	00030294	0716	00	01
990724	00002020	0728	00	01
990724	00052555	0800	00	01
990724	00061572	0815	00	01
990724	00048355	1036	00	01
990724	00060755	1319	00	01
990724	00023233	1329	00	01
990724	00063826	1343	00	01
990724	00065492	1402	00	01
990724	00052068	1425	00	01
990724	00064644	1429	00	01
990724	00030294	1431	00	01
990724	00001515	1433	00	01
990724	00011958	1503	00	01
990724	00052555	1530	00	01
990724	00002020	1640	00	01
990724	00048355	1802	00	01
990724	00048355	1802	00	01
990724	00063826	1901	00	01
990724	00060755	1937	00	01
990724	00065492	2001	00	01
990724	00052068	2001	00	01
990724	00023233	2002	00	01
990724	00064644	2002	00	01
990724	00023233	2003	00	01
990724	00015049	2004	00	01
990724	00001515	2006	00	01
990724	00061572	2016	00	01
990727	00052555	0700	00	01
990727	00015049	0700	00	01
990727	00030294	0716	00	01
990727	00002020	0758	00	01
990727	00011958	0813	03	01
990727	00061572	0909	00	01
990727	00048355	1036	00	01
990727	00060755	1319	00	01
990727	00023233	1334	00	01
990727	00063826	1340	00	01
990727	00065492	1401	00	01
990727	00052068	1409	00	01
990727	00001515	1427	00	01
990727	00052555	1432	00	01
990727	00064644	1432	00	01
990727	00030294	1443	00	01
990727	00011958	1512	00	01
990727	00002020	1725	00	01
990727	00048355	1802	00	01
990727	00063826	2001	00	01
990727	00065492	2002	00	01
990727	00064644	2004	00	01
990727	00052068	2018	00	01
990727	00061572	2047	00	01
990727	00015049	2050	00	01
990727	00023233	2100	00	01
990727	00001515	2102	00	01
990727	00060755	2102	00	01
990728	00015049	0710	00	01
990728	00030294	0716	00	01
990728	00052555	0716	00	01
990728	00001515	0732	00	01
990728	00011958	0753	03	01
990728	00061572	0829	00	01
990728	00048355	1050	00	01
990728	00023233	1329	00	01
990728	00060755	1329	00	01
990728	00002020	1330	00	01
990728	00001414	1338	00	01
990728	00063826	1345	00	01
990728	00052068	1409	00	01
990728	00065492	1421	00	01
