9
19
29
39
49
59
69
79
89
90
91
92
93
94
95
96
97
98
99
109
119
129
139
149
159
169
179
189
190
191
192
193
194
195
196
197
198
199
209
219
229
239
249
259
269
279
289
290
291
292
293
294
295
296
297
298
299
309
319
329
339
349
359
369
379
389
390
391
392
393
394
395
396
397
398
399
409
419
429
439
449
459
469
479
489
490
491
492
493
494
495
496
497
498
499
509
519
529
539
549
559
569
579
589
590
591
592
593
594
595
596
597
598
599
609
619
629
639
649
659
669
679
689
690
691
692
693
694
695
696
697
698
699
709
719
729
739
749
759
769
779
789
790
791
792
793
794
795
796
797
798
799
809
819
829
839
849
859
869
879
889
890
891
892
893
894
895
896
897
898
899
900
901
902
903
904
905
906
907
908
909
910
911
912
913
914
915
916
917
918
919
920
921
922
923
924
925
926
927
928
929
930
931
932
933
934
935
936
937
938
939
940
941
942
943
944
945
946
947
948
949
950
951
952
953
954
955
956
957
958
959
960
961
962
963
964
965
966
967
968
969
970
971
972
973
974
975
976
977
978
979
980
981
982
983
984
985
986
987
988
989
990
991
992
993
994
995
996
997
998
999
1009
1019
1029
1039
1049
1059
1069
1079
1089
1090
1091
1092
1093
1094
1095
1096
1097
1098
1099
1109
1119
1129
1139
1149
1159
1169
1179
1189
1190
1191
1192
1193
1194
1195
1196
1197
1198
1199
1209
1219
1229
1239
1249
1259
1269
1279
1289
1290
1291
1292
1293
1294
1295
1296
1297
1298
1299
1309
1319
1329
1339
1349
1359
1369
1379
1389
1390
1391
1392
1393
1394
1395
1396
1397
1398
1399
1409
1419
1429
1439
1449
1459
1469
1479
1489
1490
1491
1492
1493
1494
1495
1496
1497
1498
1499
1509
1519
1529
1539
1549
1559
1569
1579
1589
1590
1591
1592
1593
1594
1595
1596
1597
1598
1599
1609
1619
1629
1639
1649
1659
1669
1679
1689
1690
1691
1692
1693
1694
1695
1696
1697
1698
1699
1709
1719
1729
1739
1749
1759
1769
1779
1789
1790
1791
1792
1793
1794
1795
1796
1797
1798
1799
1809
1819
1829
1839
1849
1859
1869
1879
1889
1890
1891
1892
1893
1894
1895
1896
1897
1898
1899
1900
1901
1902
1903
1904
1905
1906
1907
1908
1909
1910
1911
1912
1913
1914
1915
1916
1917
1918
1919
1920
1921
1922
1923
1924
1925
1926
1927
1928
1929
1930
1931
1932
1933
1934
1935
1936
1937
1938
1939
1940
1941
1942
1943
1944
1945
1946
1947
1948
1949
1950
1951
1952
1953
1954
1955
1956
1957
1958
1959
1960
1961
1962
1963
1964
1965
1966
1967
1968
1969
1970
1971
1972
1973
1974
1975
1976
1977
1978
1979
1980
1981
1982
1983
1984
1985
1986
1987
1988
1989
1990
1991
1992
1993
1994
1995
1996
1997
1998
1999
