030309	00055364	1300	00	01
030309	00033114	1342	00	01
030309	00002601	1359	00	01
030309	00002424	1400	00	01
030309	00052555	1405	00	01
030309	00096142	1405	00	01
030309	00007575	1410	00	01
030309	00003435	1420	00	01
030309	00003737	1437	00	01
030309	00055364	1554	00	01
030309	00136905	1604	00	01
030309	00052555	1614	00	01
030309	00085085	1635	00	01
030309	00049554	1702	00	01
030309	00030294	1718	00	01
030309	00000888	1805	00	01
030309	00003435	1900	00	01
030309	00063826	1925	00	01
030309	00032532	1953	00	01
030309	00052555	1956	00	01
030309	00411369	2025	00	01
030309	00033114	2100	00	01
030309	00055364	2100	00	01
030309	00085085	2130	00	01
030310	00055364	0621	00	01
030310	00002424	0703	00	01
030310	00030294	0710	00	01
030310	00007575	0711	00	01
030310	00002601	0712	00	01
030310	00096142	0740	00	01
030310	00411369	0834	00	01
030310	00000888	0921	00	01
030310	00411369	0927	00	01
030310	00411369	1152	00	01
030310	00055364	1256	00	01
030310	00049554	1330	00	01
030310	00032532	1332	00	01
030310	00063826	1342	00	01
030310	00033114	1353	00	01
030310	00096142	1356	00	01
030310	00003435	1403	00	01
030310	00002424	1406	00	01
030310	00002601	1412	00	01
030310	00007575	1422	00	01
030310	00000888	1428	00	01
030310	00003737	1435	00	01
030310	00411369	1440	00	01
030310	00052068	1458	00	01
030310	00052555	1516	00	01
030310	00055364	1555	00	01
030310	00085085	1623	00	01
030310	00030294	1726	00	01
030310	00003435	1810	00	01
030310	00063826	2000	00	01
030310	00052068	2000	00	01
030310	00052555	2000	00	01
030310	00049554	2000	00	01
030310	00032532	2000	00	01
030310	00055364	2001	00	01
030310	00033114	2002	00	01
030310	00085085	2038	00	01
030312	00055364	0626	00	01
030312	00002601	0645	00	01
030312	00007575	0703	00	01
030312	00030294	0707	00	01
030312	00002424	0710	00	01
030312	00096142	0718	00	01
030312	00411369	0909	00	01
030312	00096142	1245	00	01
030312	00007575	1249	00	01
030312	00055364	1300	00	01
030312	00049554	1323	00	01
030312	00063826	1337	00	01
030312	00032532	1342	00	01
030312	00002424	1400	00	01
030312	00002601	1405	00	01
030312	00003737	1443	00	01
030312	00052555	1513	00	01
030312	00055364	1554	00	01
030312	00000888	1615	00	01
030312	00085085	1633	00	01
030312	00030294	1715	00	01
030312	00411369	1928	00	01
030312	00063826	1930	00	01
030312	00032532	1951	00	01
030312	00052555	1959	00	01
030312	00049554	2030	00	01
030312	00055364	2102	00	01
030312	00033114	2108	00	01
030312	00085085	2149	00	01
030313	00055364	0624	00	01
030313	00002601	0649	00	01
030313	00030294	0657	00	01
030313	00007575	0711	00	01
030313	00096142	0723	00	01
030313	00003737	0742	00	01
030313	00002424	0804	00	01
030313	00000888	0911	00	01
030313	00411369	1005	00	01
030313	00063826	1222	00	01
030313	00032532	1255	00	01
030313	00055364	1300	00	01
030313	00096142	1302	00	01
030313	00049554	1332	00	01
030313	00003435	1348	00	01
030313	00033114	1352	00	01
030313	00002424	1405	00	01
030313	00007575	1410	00	01
030313	00002601	1412	00	01
030313	00003737	1500	00	01
030313	00052555	1506	00	01
030313	00052068	1556	00	01
030313	00052068	1557	00	01
030313	00055364	1558	00	01
030313	00085085	1621	00	01
030313	00030294	1658	00	01
030313	00000888	1802	00	01
030313	00003435	1826	00	01
030313	00411369	1929	00	01
030313	00052555	2027	00	01
030313	00063826	2028	00	01
030313	00049554	2030	00	01
030313	00032532	2034	00	01
030313	00055364	2100	00	01
030313	00052068	2100	00	01
030313	00033114	2100	00	01
030313	00085085	2153	00	01
030316	00055364	0625	00	01
030316	00007575	0703	00	01
030316	00030294	0710	00	01
030316	00000888	0809	00	01
030316	00002424	0852	00	01
030316	00032532	0858	00	01
030316	00411369	0932	00	01
030316	00063826	1241	00	01
030316	00055364	1300	00	01
030316	00049554	1326	00	01
030316	00033114	1355	00	01
030316	00002424	1400	00	01
030316	00003435	1414	00	01
030316	00007575	1415	00	01
030316	00003737	1448	00	01
030316	00052555	1509	00	01
030316	00055364	1543	00	01
030316	00085085	1634	00	01
030316	00030294	1648	00	01
030316	00000888	1711	00	01
030316	00063826	1857	00	01
030316	00003435	1920	00	01
030316	00032532	1946	00	01
030316	00052555	2027	00	01
030316	00049554	2033	00	01
030316	00411369	2044	00	01
030316	00055364	2101	00	01
030316	00033114	2107	00	01
030316	00085085	2207	00	01
030317	00055364	0624	00	01
030317	00002601	0700	00	01
030317	00007575	0707	00	01
030317	00030294	0717	00	01
030317	00002424	0718	00	01
030317	00096142	0739	00	01
030317	00000888	0859	00	01
030317	00411369	1013	00	01
030317	00055364	1303	00	01
030317	00049554	1333	00	01
030317	00032532	1333	00	01
030317	00033114	1346	00	01
030317	00063826	1346	00	01
030317	00096142	1354	00	01
030317	00007575	1401	00	01
030317	00002601	1412	00	01
030317	00002424	1435	00	01
030317	00003435	1444	00	01
030317	00052068	1454	00	01
030317	00000888	1539	00	01
030317	00055364	1547	00	01
030317	00052555	1550	00	01
030317	00085085	1632	00	01
030317	00030294	1723	00	01
030317	00003435	1940	00	01
030317	00052555	1952	00	01
030317	00055364	2000	00	01
030317	00049554	2000	00	01
030317	00032532	2000	00	01
030317	00033114	2001	00	01
030317	00063826	2001	00	01
030317	00052068	2004	00	01
030317	00411369	2007	00	01
030317	00085085	2031	00	01
030319	00055364	0625	00	01
030319	00002601	0657	00	01
030319	00007575	0703	00	01
030319	00002424	0706	00	01
030319	00030294	0724	00	01
030319	00096142	0743	00	01
030319	00003737	0744	00	01
030319	00000888	0802	00	01
030319	00411369	0932	00	01
030319	00411369	1007	00	01
030319	00411369	1203	00	01
030319	00055364	1304	00	01
030319	00049554	1329	00	01
030319	00032532	1330	00	01
030319	00033114	1349	00	01
030319	00063826	1350	00	01
