990415	00048355	1046	00	01
990415	00055364	1332	00	01
990415	00063826	1338	00	01
990415	00023233	1358	00	01
990415	00065492	1415	00	01
990415	00060755	1425	00	01
990415	00001515	1428	00	01
990415	00011958	1430	00	01
990415	00052555	1437	00	01
990415	00030294	1438	00	01
990415	00005004	1439	00	01
990415	00061572	1525	00	01
990415	00001307	1544	00	01
990415	00065492	1945	00	01
990415	00063826	2000	00	01
990415	00052068	2008	00	01
990415	00001307	2009	00	01
990415	00035330	2032	00	01
990415	00023233	2157	00	01
990415	00001515	2157	00	01
990415	00001414	2200	00	01
990415	00052555	2200	00	01
990415	00060755	2200	00	01
990416	00055364	0624	00	01
990416	00052068	0655	00	01
990416	00005004	0710	00	01
990416	00061572	0727	00	01
990416	00035330	0728	00	01
990416	00030294	0755	00	01
990416	00011958	0818	03	01
990416	00001414	0903	00	01
990416	00048355	1047	00	01
990416	00055364	1330	00	01
990416	00063826	1339	00	01
990416	00023233	1359	00	01
990416	00065492	1417	00	01
990416	00011958	1430	00	01
990416	00001515	1431	00	01
990416	00052555	1433	00	01
990416	00005004	1439	00	01
990416	00001307	1531	00	01
990416	00061572	1542	00	01
990416	00060755	1731	00	01
990416	00030294	1748	00	01
990416	00048355	1800	00	01
990416	00063826	1900	00	01
990416	00001307	1901	00	01
990416	00065492	1949	00	01
990416	00052068	2006	00	01
990416	00035330	2032	00	01
990416	00001414	2200	00	01
990416	00023233	2201	00	01
990416	00060755	2202	00	01
990416	00052555	2203	00	01
990416	00001515	2203	00	01
990417	00055364	0623	00	01
990417	00052068	0650	00	01
990417	00005004	0710	00	01
990417	00030294	0715	00	01
990417	00035330	0721	00	01
990417	00011958	0804	03	01
990417	00061572	0833	00	01
990417	00048355	1046	00	01
990417	00055364	1333	00	01
990417	00063826	1334	00	01
990417	00001414	1354	00	01
990417	00023233	1405	00	01
990417	00001515	1418	00	01
990417	00011958	1426	00	01
990417	00060755	1429	00	01
990417	00052555	1429	00	01
990417	00011958	1431	00	01
990417	00030294	1436	00	01
990417	00005004	1437	00	01
990417	00061572	1527	00	01
990417	00048355	1816	00	01
990417	00065492	1910	00	01
990417	00035330	1942	03	01
990417	00001307	2001	00	01
990417	00052068	2007	00	01
990417	00063826	2016	00	01
990417	00001414	2200	00	01
990417	00023233	2210	00	01
990417	00052555	2211	00	01
990417	00001515	2221	00	01
990417	00060755	2222	00	01
990418	00055364	0624	00	01
990418	00052068	0704	00	01
990418	00005004	0714	00	01
990418	00030294	0719	00	01
990418	00035330	0726	00	01
990418	00011958	0733	03	01
990418	00061572	0759	00	01
990418	00001414	0909	00	01
990418	00048355	1024	00	01
990418	00055364	1315	00	01
990418	00063826	1348	00	01
990418	00023233	1359	00	01
990418	00001515	1414	00	01
990418	00060755	1420	00	01
990418	00011958	1430	00	01
990418	00052555	1430	00	01
990418	00005004	1431	00	01
990418	00055364	1433	00	01
990418	00052068	1439	00	01
990418	00030294	1441	00	01
990418	00001307	1515	00	01
990418	00061572	1635	00	01
990418	00065492	1946	00	01
990418	00063826	1956	00	01
990418	00001307	2011	00	01
990418	00055364	2022	00	01
990418	00035330	2103	00	01
990418	00023233	2201	00	01
990418	00001414	2202	00	01
990418	00052555	2206	00	01
990418	00001515	2206	00	01
990418	00060755	2212	00	01
990419	00055364	0627	00	01
990419	00052068	0703	00	01
990419	00005004	0710	00	01
990419	00030294	0715	00	01
990419	00035330	0718	00	01
990419	00011958	0753	03	01
990419	00061572	0830	00	01
990419	00001414	0908	00	01
990419	00023233	1013	00	01
990419	00048355	1037	00	01
990419	00063826	1332	00	01
990419	00060755	1420	00	01
990419	00001515	1424	00	01
990419	00030294	1430	00	01
990419	00011958	1433	00	01
990419	00005004	1433	00	01
990419	00052555	1437	00	01
990419	00065492	1442	00	01
990419	00052068	1506	00	01
990419	00001307	1540	00	01
990419	00048355	1736	00	01
990419	00063826	1909	00	01
990419	00065492	1945	00	01
990419	00023233	2000	00	01
990419	00001414	2000	00	01
990419	00052555	2002	00	01
990419	00035330	2011	00	01
990419	00055364	2020	00	01
990419	00001515	2020	00	01
990419	00001307	2021	00	01
990419	00060755	2021	00	01
990421	00055364	0624	00	01
990421	00060755	0657	00	01
990421	00062243	0658	00	01
990421	00015049	0700	00	01
990421	00005004	0710	00	01
990421	00030945	0720	03	01
990421	00061572	0750	00	01
990421	00011958	0803	03	01
990421	00011958	0808	03	01
990421	00001414	0902	00	01
990421	00023233	1008	00	01
990421	00048355	1047	00	01
990421	00035330	1244	00	01
990421	00055364	1342	00	01
990421	00063826	1347	00	01
990421	00001515	1410	00	01
990421	00052068	1412	00	01
990421	00011958	1430	00	01
990421	00005004	1434	00	01
990421	00062243	1435	00	01
990421	00052555	1436	00	01
990421	00015049	1440	00	01
990421	00065492	1442	00	01
990421	00030945	1447	00	01
990421	00001307	1520	00	01
990421	00048355	1803	00	01
990421	00065492	1945	00	01
990421	00063826	2000	00	01
990421	00052068	2013	00	01
990421	00035330	2028	00	01
990421	00001307	2033	00	01
990421	00001414	2117	03	01
990421	00061572	2136	00	01
990421	00023233	2158	00	01
990421	00060755	2207	00	01
990421	00001515	2221	00	01
990421	00052555	2317	00	01
990422	00055364	0633	00	01
990422	00015049	0704	00	01
990422	00005004	0707	00	01
990422	00030945	0712	00	01
990422	00030294	0725	00	01
990422	00062243	0726	03	01
990422	00011958	0729	03	01
990422	00061572	0833	00	01
990422	00001414	0905	00	01
990422	00048355	1057	00	01
990422	00001414	1134	00	01
990422	00035330	1234	00	01
990422	00055364	1341	00	01
990422	00063826	1343	00	01
990422	00023233	1356	00	01
990422	00001414	1400	00	01
990422	00052068	1417	00	01
990422	00060755	1417	00	01
990422	00001515	1418	00	01
990422	00052555	1426	00	01
990422	00065492	1429	00	01
990422	00015049	1430	00	01
990422	00011958	1430	00	01
990422	00062243	1430	00	01
990422	00030294	1432	00	01
990422	00005004	1433	00	01
990422	00030945	1437	00	01
990422	00001307	1530	00	01
990422	00061572	1621	00	01
990422	00048355	1801	00	01
990422	00065492	1945	00	01
990422	00063826	1958	00	01
990422	00001307	2004	00	01
990422	00052068	2006	00	01
990422	00035330	2132	00	01
990422	00052555	2201	00	01
990422	00001414	2201	00	01
990422	00023233	2202	00	01
990422	00060755	2204	00	01
990422	00001515	2212	00	01
990423	00055364	0624	00	01
990423	00015049	0650	00	01
990423	00062243	0711	00	01
990423	00005004	0713	00	01
990423	00011958	0734	03	01
990423	00030945	0738	00	01
990423	00061572	0750	00	01
990423	00030294	0751	00	01
990423	00048355	1038	00	01
990423	00035330	1242	00	01
990423	00055364	1340	00	01
990423	00063826	1346	00	01
990423	00001414	1402	00	01
