050326	00022088	1605	00	01
050326	00028479	1654	00	01
050326	00013799	1808	00	01
050326	00063826	1902	00	01
050326	00411369	1906	00	01
050326	00022088	2051	00	01
050326	00001376	2100	00	01
050326	00055364	2100	00	01
050326	00099277	2120	00	01
050327	00002601	0629	00	01
050327	00055364	0630	00	01
050327	00007575	0710	00	01
050327	00096142	0740	00	01
050327	00030294	0747	00	01
050327	00049554	0756	00	01
050327	00055858	0759	00	01
050327	00013749	0846	00	01
050327	00028479	0910	00	01
050327	00000888	0913	00	01
050327	00013799	1006	00	01
050327	00411369	1026	00	01
050327	00002601	1245	00	01
050327	00099277	1319	00	01
050327	00013749	1325	00	01
050327	00055364	1330	00	01
050327	00063826	1336	00	01
050327	00001376	1354	00	01
050327	00096142	1412	00	01
050327	00007575	1413	00	01
050327	00030294	1415	00	01
050327	00049554	1500	00	01
050327	00055364	1556	00	01
050327	00022088	1613	00	01
050327	00028479	1627	00	01
050327	00013799	1804	00	01
050327	00063826	1856	00	01
050327	00411369	1901	00	01
050327	00022088	2059	00	01
050327	00055364	2102	00	01
050327	00001376	2102	00	01
050327	00099277	2118	00	01
050328	00055364	0629	00	01
050328	00002601	0635	00	01
050328	00030294	0712	00	01
050328	00007575	0722	00	01
050328	00049554	0757	00	01
050328	00096142	0800	00	01
050328	00055858	0819	00	01
050328	00028479	0841	00	01
050328	00013749	0845	00	01
050328	00013799	0954	00	01
050328	00411369	1035	00	01
050328	00099277	1306	00	01
050328	00063826	1312	00	01
050328	00055364	1330	00	01
050328	00002601	1330	00	01
050328	00055858	1330	00	01
050328	00055364	1330	00	01
050328	00001376	1348	00	01
050328	00022088	1358	00	01
050328	00096142	1401	00	01
050328	00030294	1403	00	01
050328	00007575	1403	00	01
050328	00411369	1405	00	01
050328	00052068	1406	00	01
050328	00013749	1409	00	01
050328	00049554	1502	00	01
050328	00055364	1553	00	01
050328	00028479	1621	00	01
050328	00013799	1803	00	01
050328	00063826	1925	00	01
050328	00022088	2001	00	01
050328	00052068	2011	00	01
050328	00055364	2012	00	01
050328	00001376	2012	00	01
050328	00099277	2015	00	01
050330	00002601	0628	00	01
050330	00055364	0629	00	01
050330	00030294	0732	00	01
050330	00007575	0735	00	01
050330	00055858	0759	00	01
050330	00096142	0809	00	01
050330	00049554	0836	00	01
050330	00000888	0914	00	01
050330	00013799	1007	00	01
050330	00411369	1008	00	01
050330	00063826	1310	00	01
050330	00099277	1311	00	01
050330	00055364	1330	00	01
050330	00002601	1330	00	01
050330	00001376	1401	00	01
050330	00096142	1402	00	01
050330	00007575	1408	00	01
050330	00030294	1420	00	01
050330	00049554	1500	00	01
050330	00055364	1557	00	01
050330	00022088	1607	00	01
050330	00028479	1622	00	01
050330	00013799	1801	00	01
050330	00063826	1857	00	01
050330	00411369	1900	00	01
050330	00055364	2102	00	01
050330	00001376	2103	00	01
050330	00099277	2124	00	01
050330	00022088	2124	00	01
050331	00055364	0623	00	01
050331	00002601	0632	00	01
050331	00030294	0719	00	01
050331	00049554	0810	00	01
050331	00055858	0820	00	01
050331	00096142	0822	00	01
050331	00013749	0835	00	01
050331	00013749	0835	00	01
050331	00028479	0857	00	01
050331	00411369	1016	00	01
050331	00013799	1017	00	01
050331	00028479	1137	00	01
050331	00028479	1209	00	01
050331	00063826	1312	00	01
050331	00099277	1330	00	01
050331	00002601	1330	00	01
050331	00055364	1331	00	01
050331	00013749	1340	00	01
050331	00096142	1356	00	01
050331	00030294	1419	00	01
050331	00049554	1503	00	01
050331	00055364	1553	00	01
050331	00022088	1600	00	01
050331	00028479	1713	00	01
050331	00013799	1841	00	01
050331	00411369	1858	00	01
050331	00063826	1900	00	01
050331	00022088	2059	00	01
050331	00055364	2100	00	01
050331	00099277	2122	00	01
050401	00002601	0631	00	01
050401	00055364	0631	00	01
050401	00007575	0712	00	01
050401	00030294	0725	00	01
050401	00030294	0727	00	01
050401	00049554	0803	00	01
050401	00055858	0811	00	01
050401	00013749	0845	00	01
050401	00028479	0900	00	01
050401	00013799	0949	00	01
050401	00411369	1005	00	01
050401	00099277	1259	00	01
050401	00055858	1314	00	01
050401	00063826	1323	00	01
050401	00055364	1330	00	01
050401	00002601	1330	00	01
050401	00001376	1347	00	01
050401	00030294	1414	00	01
050401	00013749	1430	00	01
050401	00049554	1501	00	01
050401	00055364	1548	00	01
050401	00022088	1606	00	01
050401	00028479	1609	00	01
050401	00013799	1823	00	01
050401	00063826	1855	00	01
050401	00411369	1907	00	01
050401	00022088	2047	00	01
050401	00001376	2100	00	01
050401	00055364	2100	00	01
050401	00099277	2116	00	01
050402	00055364	0628	00	01
050402	00002601	0629	00	01
050402	00007575	0705	00	01
050402	00030294	0705	00	01
050402	00049554	0802	00	01
050402	00055858	0805	00	01
050402	00013749	0822	00	01
050402	00028479	0900	00	01
050402	00013799	1019	00	01
050402	00411369	1035	00	01
050402	00002601	1128	00	01
050402	00099277	1316	00	01
050402	00063826	1323	00	01
050402	00055364	1330	00	01
050402	00055858	1330	00	01
050402	00001376	1347	00	01
050402	00030294	1419	00	01
050402	00013749	1434	00	01
050402	00007575	1440	00	01
050402	00055364	1550	00	01
050402	00049554	1558	00	01
050402	00028479	1606	00	01
050402	00022088	1608	00	01
050402	00013799	1853	00	01
050402	00063826	1858	00	01
050402	00411369	1858	00	01
050402	00001376	2010	00	01
050402	00055364	2102	00	01
050402	00099277	2115	00	01
050402	00022088	2138	00	01
050406	00055364	0629	00	01
050406	00007575	0708	00	01
050406	00030294	0734	00	01
050406	00028479	0756	00	01
050406	00055858	0800	00	01
050406	00096142	0806	00	01
050406	00013749	0852	00	01
050406	00049554	0859	00	01
050406	00411369	1006	00	01
050406	00013799	1018	00	01
050406	00063826	1311	00	01
050406	00099277	1316	00	01
050406	00055858	1325	00	01
050406	00055364	1332	00	01
050406	00096142	1402	00	01
050406	00030294	1415	00	01
050406	00013749	1430	00	01
050406	00049554	1545	00	01
050406	00055364	1554	00	01
050406	00022088	1611	00	01
050406	00028479	1629	00	01
050406	00013799	1815	00	01
050406	00063826	1858	00	01
050406	00411369	2003	00	01
050406	00007575	2012	00	01
050406	00055364	2057	00	01
050406	00022088	2117	00	01
050406	00099277	2118	00	01
050407	00055364	0632	00	01
050407	00007575	0705	00	01
050407	00030294	0727	00	01
050407	00028479	0756	00	01
050407	00049554	0810	00	01
050407	00096142	0817	00	01
050407	00055858	0824	00	01
050407	00000888	0918	00	01
050407	00013749	0931	00	01
050407	00411369	1005	00	01
050407	00013799	1020	00	01
050407	00099277	1311	00	01
050407	00055364	1330	00	01
050407	00001376	1346	00	01
050407	00007575	1400	00	01
050407	00055858	1404	00	01
050407	00096142	1406	00	01
050407	00096142	1406	00	01
050407	00030294	1428	00	01
050407	00013749	1430	00	01
050407	00055364	1553	00	01
050407	00022088	1611	00	01
050407	00000888	1612	00	01
050407	00028479	1713	00	01
050407	00013799	1728	00	01
050407	00411369	1910	00	01
050407	00055364	2100	00	01
050407	00049554	2102	00	01
050407	00001376	2103	00	01
050407	00022088	2106	00	01
050407	00099277	2117	00	01
050408	00055364	0631	00	01
050408	00007575	0707	00	01
050408	00030294	0708	00	01
050408	00028479	0751	00	01
050408	00096142	0806	00	01
050408	00013749	0831	00	01
050408	00055858	0834	00	01
050408	00000888	0915	00	01
050408	00013799	1017	00	01
050408	00411369	1025	00	01
050408	00049554	1148	00	01
050408	00063826	1313	00	01
050408	00055364	1330	00	01
050408	00099277	1332	00	01
050408	00001376	1346	00	01
050408	00096142	1400	00	01
050408	00007575	1402	00	01
050408	00055858	1411	00	01
050408	00013749	1430	00	01
050408	00030294	1431	00	01
050408	00055364	1551	00	01
