970911	00055364	1230	00	01
970911	00063826	1341	00	01
970911	00001205	1341	00	01
970911	00035401	1349	00	01
970911	00061572	1356	00	01
970911	00063710	1402	00	01
970911	00030294	1406	00	01
970911	00030945	1420	00	01
970911	00062243	1421	00	01
970911	00005004	1421	00	01
970911	00065492	1432	00	01
970911	00034067	1438	00	01
970911	00011958	1444	00	01
970911	00048355	1448	00	01
970911	00052068	1520	00	01
970911	00053842	1547	00	01
970911	00055364	1551	00	01
970911	00001307	1600	00	01
970911	00001307	1603	00	01
970911	00052842	1605	00	01
970911	00015049	1616	00	01
970911	00034067	1745	00	01
970911	00011241	1803	00	01
970911	00063826	1900	00	01
970911	00065492	1903	00	01
970911	00052842	1930	00	01
970911	00001205	1933	00	01
970911	00053842	1947	00	01
970911	00001307	1952	00	01
970911	00035330	2000	00	01
970911	00063710	2000	00	01
970911	00052068	2003	00	01
970911	00035401	2005	00	01
970911	00055364	2013	00	01
970912	00055364	0627	00	01
970912	00015049	0631	00	01
970912	00030294	0653	00	01
970912	00030945	0706	00	01
970912	00005004	0707	00	01
970912	00061572	0710	00	01
970912	00062243	0722	00	01
970912	00011958	0855	00	01
970912	00011241	0941	00	01
970912	00048355	1010	00	01
970912	00035330	1124	00	01
970912	00055364	1222	00	01
970912	00035401	1337	00	01
970912	00063826	1339	00	01
970912	00048355	1342	00	01
970912	00001205	1347	00	01
970912	00061572	1351	00	01
970912	00063710	1357	00	01
970912	00030294	1401	00	01
970912	00030945	1418	00	01
970912	00005004	1421	00	01
970912	00065492	1428	00	01
970912	00062243	1431	00	01
970912	00034067	1440	00	01
970912	00011958	1453	00	01
970912	00052068	1549	00	01
970912	00055364	1551	00	01
970912	00052842	1604	00	01
970912	00001307	1605	00	01
970912	00001307	1606	00	01
970912	00015049	1620	00	01
970912	00053842	1628	00	01
970912	00034067	1745	00	01
970912	00011241	1812	00	01
970912	00063826	1845	00	01
970912	00065492	1900	00	01
970912	00052842	1915	00	01
970912	00052068	1932	00	01
970912	00001205	1944	00	01
970912	00053842	1955	00	01
970912	00035330	1955	00	01
970912	00001307	2001	00	01
970912	00063710	2003	00	01
970912	00035401	2014	00	01
970912	00055364	2014	00	01
970913	00015049	0637	00	01
970913	00055364	0639	00	01
970913	00030294	0655	00	01
970913	00030945	0711	00	01
970913	00061572	0712	00	01
970913	00062243	0717	00	01
970913	00011958	0850	00	01
970913	00048355	0931	00	01
970913	00005004	0934	00	01
970913	00011241	0941	00	01
970913	00035330	1132	00	01
970913	00055364	1229	00	01
970913	00035401	1334	00	01
970913	00063826	1342	00	01
970913	00001205	1344	00	01
970913	00063710	1358	00	01
970913	00030294	1406	00	01
970913	00005004	1414	00	01
970913	00062243	1415	00	01
970913	00030945	1416	00	01
970913	00011958	1430	00	01
970913	00065492	1435	00	01
970913	00034067	1444	00	01
970913	00052068	1505	00	01
970913	00048355	1538	00	01
970913	00001307	1540	00	01
970913	00055364	1550	00	01
970913	00053842	1553	00	01
970913	00015049	1607	00	01
970913	00052842	1639	00	01
970913	00011241	1747	00	01
970913	00034067	1749	00	01
970913	00063826	1901	00	01
970913	00065492	1902	00	01
970913	00001205	1921	00	01
970913	00052842	1933	00	01
970913	00053842	1946	00	01
970913	00001307	1956	00	01
970913	00035330	1956	00	01
970913	00063710	2001	00	01
970913	00035401	2002	00	01
970913	00052068	2003	00	01
970913	00055364	2026	00	01
970914	00055364	0632	00	01
970914	00015049	0635	00	01
970914	00030294	0700	00	01
970914	00005004	0704	00	01
970914	00030945	0705	00	01
970914	00061572	0710	00	01
970914	00062243	0733	00	01
970914	00011958	0839	00	01
970914	00048355	1008	00	01
970914	00011241	1039	00	01
970914	00035330	1136	00	01
970914	00055364	1231	00	01
970914	00001205	1327	00	01
970914	00063826	1343	00	01
970914	00061572	1357	00	01
970914	00063710	1402	00	01
970914	00030294	1409	00	01
970914	00030945	1411	00	01
970914	00062243	1416	00	01
970914	00005004	1418	00	01
970914	00011958	1435	00	01
970914	00065492	1436	00	01
970914	00034067	1438	00	01
970914	00048355	1447	00	01
970914	00052842	1452	00	01
970914	00001307	1542	00	01
970914	00055364	1559	00	01
970914	00053842	1611	00	01
970914	00052068	1616	00	01
970914	00015049	1618	00	01
970914	00034067	1748	00	01
970914	00011241	1807	00	01
970914	00011241	1807	00	01
970914	00065492	1859	00	01
970914	00063826	1904	00	01
970914	00035401	1906	00	01
970914	00001205	1935	00	01
970914	00052842	1939	00	01
970914	00035330	1944	00	01
970914	00053842	1955	00	01
970914	00001307	1959	00	01
970914	00063710	2000	00	01
970914	00052068	2005	00	01
970914	00055364	2012	00	01
970915	00055364	0628	00	01
970915	00015049	0637	00	01
970915	00030294	0654	00	01
970915	00030945	0702	00	01
970915	00061572	0708	00	01
970915	00005004	0712	00	01
970915	00062243	0722	00	01
970915	00011958	0912	00	01
970915	00011241	0954	00	01
970915	00048355	1011	00	01
970915	00035330	1114	00	01
970915	00055364	1230	00	01
970915	00063826	1342	00	01
970915	00001205	1343	00	01
970915	00061572	1347	00	01
970915	00035401	1348	00	01
970915	00065492	1349	00	01
970915	00063710	1403	00	01
970915	00030294	1406	00	01
970915	00030945	1423	00	01
970915	00062243	1427	00	01
970915	00005004	1431	00	01
970915	00048355	1448	00	01
970915	00034067	1454	00	01
970915	00011958	1506	00	01
970915	00052068	1537	00	01
970915	00055364	1552	00	01
970915	00001307	1609	00	01
970915	00001307	1609	00	01
970915	00052842	1610	00	01
970915	00053842	1612	00	01
970915	00015049	1614	00	01
970915	00034067	1743	00	01
970915	00011241	1816	00	01
970915	00035330	1838	00	01
970915	00001205	1844	00	01
970915	00063826	1847	00	01
970915	00065492	1900	00	01
970915	00052842	1933	00	01
970915	00053842	1957	00	01
970915	00001307	1957	00	01
970915	00063710	2000	00	01
970915	00035401	2001	00	01
970915	00052068	2010	00	01
970915	00055364	2010	00	01
970917	00055364	0626	00	01
970917	00015049	0640	00	01
970917	00030294	0704	00	01
970917	00030945	0709	00	01
970917	00061572	0712	00	01
970917	00005004	0713	00	01
970917	00062243	0714	00	01
970917	00011958	0846	00	01
970917	00011241	0940	00	01
970917	00048355	1014	00	01
970917	00035330	1115	00	01
970917	00055364	1231	00	01
970917	00035401	1238	00	01
970917	00001205	1337	00	01
970917	00063826	1343	00	01
970917	00061572	1357	00	01
970917	00063710	1400	00	01
970917	00030294	1411	00	01
970917	00011958	1420	00	01
970917	00030945	1421	00	01
970917	00062243	1424	00	01
970917	00005004	1426	00	01
970917	00065492	1439	00	01
970917	00034067	1444	00	01
970917	00048355	1445	00	01
970917	00055364	1553	00	01
970917	00053842	1609	00	01
970917	00052842	1609	00	01
970917	00015049	1609	00	01
970917	00001307	1612	00	01
970917	00052068	1632	00	01
970917	00034067	1752	00	01
970917	00063826	1903	00	01
970917	00065492	1904	00	01
970917	00052842	1928	00	01
970917	00001205	1933	00	01
970917	00053842	1950	00	01
970917	00035401	1955	00	01
970917	00035330	1957	00	01
970917	00063710	2001	00	01
970917	00001307	2001	00	01
970917	00052068	2004	00	01
970917	00055364	2013	00	01
970918	00055364	0628	00	01
970918	00015049	0630	00	01
970918	00030294	0655	00	01
970918	00030945	0703	00	01
970918	00005004	0712	00	01
970918	00061572	0712	00	01
970918	00062243	0721	00	01
970918	00011958	0828	00	01
970918	00048355	1015	00	01
970918	00011241	1052	00	01
970918	00011241	1054	00	01
970918	00035330	1118	00	01
970918	00055364	1230	00	01
970918	00035401	1231	00	01
970918	00063826	1343	00	01
970918	00001205	1344	00	01
970918	00061572	1354	00	01
970918	00063710	1401	00	01
970918	00030294	1410	00	01
970918	00062243	1418	00	01
970918	00005004	1418	00	01
970918	00030945	1425	00	01
970918	00011958	1430	00	01
970918	00034067	1445	00	01
970918	00065492	1445	00	01
970918	00048355	1457	00	01
970918	00052068	1545	00	01
970918	00053842	1550	00	01
970918	00055364	1602	00	01
970918	00052842	1615	00	01
970918	00015049	1620	00	01
970918	00001307	1631	00	01
970918	00034067	1747	00	01
970918	00011241	1831	00	01
970918	00063826	1900	00	01
970918	00065492	1900	00	01
970918	00001205	1941	00	01
970918	00052842	1950	00	01
970918	00035330	1957	00	01
970918	00001307	2001	00	01
970918	00063710	2001	00	01
970918	00053842	2001	00	01
970918	00035401	2006	00	01
970918	00052068	2008	00	01
970918	00055364	2014	00	01
970919	00055364	0627	00	01
970919	00030294	0657	00	01
970919	00062243	0708	00	01
970919	00030945	0709	00	01
970919	00005004	0712	00	01
970919	00061572	0713	00	01
970919	00015049	0722	00	01
970919	00011958	0828	00	01
970919	00062243	0859	00	01
970919	00062243	0940	00	01
970919	00011241	0957	00	01
970919	00048355	1018	00	01
970919	00035330	1112	00	01
970919	00063826	1225	00	01
970919	00055364	1234	00	01
970919	00035401	1257	00	01
970919	00001205	1346	00	01
970919	00061572	1355	00	01
970919	00063710	1402	00	01
970919	00063826	1403	00	01
970919	00030294	1408	00	01
970919	00030945	1420	00	01
970919	00005004	1428	00	01
970919	00062243	1428	00	01
970919	00065492	1446	00	01
970919	00034067	1448	00	01
970919	00048355	1451	00	01
970919	00011958	1459	00	01
970919	00063826	1511	00	01
970919	00055364	1554	00	01
970919	00053842	1608	00	01
970919	00052842	1611	00	01
970919	00001307	1622	00	01
970919	00034067	1753	00	01
970919	00011241	1831	00	01
970919	00063826	1848	00	01
970919	00065492	1902	00	01
970919	00001205	1940	00	01
970919	00053842	1945	00	01
970919	00052842	1949	00	01
970919	00035330	1956	00	01
970919	00001307	1956	00	01
970919	00035401	2000	00	01
970919	00015049	2000	00	01
970919	00063710	2001	00	01
970919	00052842	2019	00	01
970919	00055364	2020	00	01
970920	00055364	0629	00	01
970920	00015049	0630	00	01
970920	00030294	0655	00	01
970920	00061572	0709	00	01
970920	00005004	0715	00	01
970920	00030945	0719	00	01
970920	00062243	0727	00	01
970920	00011958	0829	00	01
970920	00011241	0926	00	01
970920	00048355	0956	00	01
970920	00035330	1110	00	01
970920	00055364	1231	00	01
970920	00035401	1332	00	01
970920	00001205	1340	00	01
970920	00063826	1345	00	01
970920	00061572	1400	00	01
970920	00063710	1403	00	01
970920	00030294	1408	00	01
970920	00062243	1419	00	01
970920	00005004	1420	00	01
970920	00030945	1424	00	01
970920	00065492	1433	00	01
970920	00034067	1439	00	01
970920	00011958	1442	00	01
970920	00048355	1448	00	01
970920	00055364	1553	00	01
970920	00052068	1600	00	01
970920	00052842	1611	00	01
970920	00053842	1612	00	01
970920	00001307	1614	00	01
970920	00015049	1621	00	01
970920	00034067	1806	00	01
970920	00011241	1822	00	01
970920	00063826	1859	00	01
970920	00065492	1903	00	01
970920	00052842	1915	00	01
970920	00001205	1926	00	01
970920	00035330	1957	00	01
970920	00001307	2000	00	01
970920	00063710	2001	00	01
970920	00053842	2004	00	01
970920	00035401	2009	00	01
970920	00052068	2011	00	01
970920	00055364	2013	00	01
970921	00055364	0636	00	01
970921	00015049	0640	00	01
970921	00030294	0656	00	01
970921	00030945	0707	00	01
970921	00062243	0707	00	01
970921	00061572	0714	00	01
970921	00005004	0714	00	01
970921	00011958	0857	00	01
970921	00048355	0922	00	01
970921	00011241	0947	00	01
970921	00035330	1054	00	01
970921	00055364	1232	00	01
970921	00035401	1238	00	01
970921	00063826	1344	00	01
970921	00001205	1345	00	01
970921	00061572	1358	00	01
970921	00063710	1400	00	01
970921	00015049	1405	00	01
970921	00030294	1406	00	01
970921	00030945	1420	00	01
970921	00011958	1420	00	01
970921	00065492	1440	00	01
970921	00062243	1445	00	01
970921	00034067	1450	00	01
970921	00048355	1452	00	01
970921	00052068	1520	00	01
970921	00055364	1552	00	01
970921	00001307	1610	00	01
970921	00001307	1611	00	01
970921	00052842	1611	00	01
970921	00053842	1615	00	01
970921	00005004	1642	00	01
970921	00034067	1749	00	01
970921	00035330	1758	00	01
970921	00011241	1805	00	01
970921	00065492	1902	00	01
970921	00063826	1905	00	01
970921	00001205	1920	00	01
970921	00052842	1933	00	01
970921	00035401	1955	00	01
970921	00001307	1956	00	01
970921	00053842	2000	00	01
970921	00052068	2005	00	01
970921	00063710	2011	00	01
970921	00055364	2012	00	01
970922	00055364	0629	00	01
970922	00015049	0630	00	01
970922	00030294	0652	00	01
970922	00030945	0708	00	01
970922	00005004	0709	00	01
970922	00061572	0711	00	01
970922	00062243	0712	00	01
970922	00011958	0855	00	01
970922	00062243	0926	00	01
970922	00048355	1011	00	01
970922	00062243	1031	00	01
970922	00035330	1116	00	01
970922	00011241	1139	00	01
970922	00055364	1232	00	01
970922	00001205	1336	00	01
970922	00063826	1344	00	01
970922	00061572	1346	00	01
970922	00063710	1401	00	01
970922	00062243	1405	00	01
970922	00030294	1406	00	01
970922	00005004	1421	00	01
970922	00011958	1427	00	01
970922	00030945	1427	00	01
970922	00034067	1449	00	01
970922	00048355	1451	00	01
970922	00065492	1459	00	01
970922	00053842	1535	00	01
970922	00055364	1556	00	01
970922	00015049	1609	00	01
970922	00052842	1613	00	01
970922	00001307	1613	00	01
970922	00052068	1625	00	01
970922	00034067	1748	00	01
970922	00011241	1807	00	01
970922	00063826	1846	00	01
970922	00065492	1906	00	01
970922	00001205	1918	00	01
970922	00052842	1936	00	01
970922	00053842	1945	00	01
970922	00035401	1952	00	01
970922	00001307	1953	00	01
970922	00035330	1958	00	01
970922	00063710	2001	00	01
970922	00052068	2004	00	01
970922	00055364	2008	00	01
970924	00015049	0627	00	01
970924	00055364	0630	00	01
970924	00030294	0646	00	01
970924	00061572	0710	00	01
970924	00005004	0711	00	01
970924	00030945	0712	00	01
970924	00062243	0731	00	01
970924	00011958	0846	00	01
970924	00011241	0927	00	01
970924	00048355	1018	00	01
970924	00035401	1241	00	01
970924	00035330	1242	00	01
970924	00001205	1333	00	01
970924	00063826	1344	00	01
970924	00063710	1357	00	01
970924	00030294	1402	00	01
970924	00061572	1411	00	01
970924	00062243	1417	00	01
970924	00005004	1417	00	01
970924	00011958	1421	00	01
970924	00030945	1421	00	01
970924	00034067	1450	00	01
970924	00048355	1454	00	01
970924	00052068	1514	00	01
970924	00065492	1522	00	01
970924	00055364	1552	00	01
970924	00015049	1610	00	01
970924	00053842	1612	00	01
970924	00052842	1615	00	01
970924	00001307	1631	00	01
970924	00034067	1751	00	01
970924	00011241	1800	00	01
970924	00063826	1850	00	01
970924	00065492	1900	00	01
970924	00001205	1926	00	01
970924	00052842	1941	00	01
970924	00035330	2000	00	01
970924	00001307	2001	00	01
970924	00063710	2001	00	01
970924	00053842	2003	00	01
970924	00052068	2005	00	01
970924	00035401	2007	00	01
970924	00055364	2033	00	01
970925	00015049	0633	00	01
970925	00055364	0636	00	01
970925	00030294	0652	00	01
970925	00030945	0707	00	01
970925	00005004	0712	00	01
970925	00061572	0718	00	01
970925	00062243	0719	00	01
970925	00011958	0835	00	01
970925	00048355	1015	00	01
970925	00011241	1050	00	01
970925	00035330	1115	00	01
970925	00055364	1232	00	01
970925	00035401	1254	00	01
970925	00063826	1341	00	01
970925	00061572	1345	00	01
970925	00001205	1354	00	01
970925	00063710	1400	00	01
970925	00030294	1404	00	01
970925	00030945	1420	00	01
970925	00005004	1423	00	01
970925	00062243	1426	00	01
970925	00011958	1438	00	01
970925	00034067	1444	00	01
970925	00065492	1445	00	01
970925	00048355	1456	00	01
970925	00052068	1512	00	01
970925	00053842	1602	00	01
970925	00001307	1602	00	01
970925	00055364	1609	00	01
970925	00015049	1612	00	01
970925	00052842	1613	00	01
970925	00034067	1752	00	01
970925	00011241	1800	00	01
970925	00063826	1904	00	01
970925	00065492	1904	00	01
970925	00001205	1933	00	01
970925	00035401	1951	00	01
970925	00035330	1955	00	01
970925	00053842	2000	00	01
970925	00063710	2000	00	01
970925	00001307	2000	00	01
970925	00052068	2010	00	01
970925	00055364	2105	00	01
970925	00052842	2105	00	01
970926	00015049	0632	00	01
970926	00055364	0633	00	01
970926	00030294	0647	00	01
970926	00030945	0707	00	01
970926	00061572	0712	00	01
970926	00005004	0713	00	01
970926	00062243	0736	00	01
970926	00011958	0827	00	01
970926	00011241	0936	00	01
970926	00048355	1006	00	01
970926	00035330	1153	00	01
970926	00055364	1232	00	01
970926	00063826	1343	00	01
970926	00061572	1350	00	01
970926	00035401	1350	00	01
970926	00001205	1351	00	01
970926	00063710	1405	00	01
970926	00030294	1416	00	01
970926	00030945	1417	00	01
970926	00062243	1417	00	01
970926	00005004	1418	00	01
970926	00011958	1432	00	01
970926	00065492	1437	00	01
970926	00034067	1445	00	01
970926	00048355	1453	00	01
970926	00055364	1552	00	01
970926	00001307	1557	00	01
970926	00052068	1600	00	01
970926	00052842	1607	00	01
970926	00053842	1609	00	01
970926	00015049	1614	00	01
970926	00034067	1747	00	01
970926	00011241	1807	00	01
970926	00063826	1852	00	01
970926	00065492	1903	00	01
970926	00001205	1920	00	01
970926	00035330	1959	00	01
970926	00001307	2000	00	01
970926	00063710	2002	00	01
970926	00052842	2002	00	01
970926	00053842	2006	00	01
970926	00035401	2007	00	01
970926	00052068	2008	00	01
970926	00055364	2015	00	01
970927	00055364	0633	00	01
970927	00015049	0645	00	01
970927	00030294	0653	00	01
970927	00061572	0708	00	01
970927	00030945	0708	00	01
970927	00005004	0714	00	01
970927	00062243	0741	00	01
970927	00011958	0844	00	01
970927	00011241	0928	00	01
970927	00048355	1008	00	01
970927	00035330	1130	00	01
970927	00055364	1231	00	01
970927	00001205	1336	00	01
970927	00063826	1344	00	01
970927	00035401	1352	00	01
970927	00061572	1355	00	01
970927	00063710	1400	00	01
970927	00030294	1404	00	01
970927	00030945	1421	00	01
970927	00062243	1433	00	01
970927	00005004	1433	00	01
970927	00011958	1435	00	01
970927	00034067	1446	00	01
970927	00048355	1451	00	01
970927	00048355	1451	00	01
970927	00065492	1457	00	01
970927	00001307	1537	00	01
970927	00053842	1544	00	01
970927	00055364	1553	00	01
970927	00052068	1554	00	01
970927	00052842	1603	00	01
970927	00015049	1619	00	01
970927	00034067	1751	00	01
970927	00011241	1802	00	01
970927	00063826	1900	00	01
970927	00065492	1909	00	01
970927	00001205	1922	00	01
970927	00035330	1953	00	01
970927	00053842	1959	00	01
970927	00035401	2003	00	01
970927	00063710	2004	00	01
970927	00001307	2004	00	01
970927	00052842	2008	00	01
970927	00052068	2020	00	01
970927	00055364	2021	00	01
970928	00015049	0632	00	01
970928	00055364	0633	00	01
970928	00030294	0657	00	01
970928	00061572	0713	00	01
970928	00005004	0716	00	01
970928	00030945	0724	00	01
970928	00062243	0807	00	01
970928	00011958	0855	00	01
970928	00011241	0936	00	01
970928	00048355	1002	00	01
970928	00035330	1152	00	01
970928	00055364	1230	00	01
970928	00001205	1343	00	01
970928	00063826	1345	00	01
970928	00035401	1356	00	01
970928	00063710	1357	00	01
970928	00061572	1405	00	01
970928	00030294	1406	00	01
970928	00030945	1420	00	01
970928	00065492	1426	00	01
970928	00011958	1434	00	01
970928	00005004	1441	00	01
970928	00062243	1443	00	01
970928	00034067	1452	00	01
970928	00052068	1528	00	01
970928	00053842	1551	00	01
970928	00055364	1554	00	01
970928	00052842	1608	00	01
970928	00001307	1614	00	01
970928	00015049	1624	00	01
970928	00034067	1744	00	01
970928	00011241	1801	00	01
970928	00063826	1856	00	01
970928	00065492	1900	00	01
970928	00001205	1922	00	01
970928	00052842	1934	00	01
970928	00053842	1950	00	01
970928	00035401	1953	00	01
970928	00001307	1956	00	01
970928	00035330	1959	00	01
970928	00063710	2001	00	01
970928	00052068	2006	00	01
970928	00055364	2012	00	01
970929	00015049	0627	00	01
970929	00055364	0633	00	01
970929	00063710	0703	00	01
970929	00005004	0714	00	01
970929	00062243	0723	00	01
970929	00061572	0804	00	01
970929	00011958	0855	00	01
970929	00030945	0858	00	01
970929	00011241	0934	00	01
970929	00048355	1014	00	01
970929	00035330	1119	00	01
970929	00055364	1234	00	01
970929	00001205	1339	00	01
970929	00001205	1339	00	01
970929	00063826	1342	00	01
970929	00030945	1344	00	01
970929	00061572	1353	00	01
970929	00035401	1357	00	01
970929	00065492	1403	00	01
970929	00005004	1415	00	01
970929	00062243	1417	00	01
970929	00034067	1442	00	01
970929	00048355	1448	00	01
970929	00048355	1448	00	01
970929	00011958	1503	00	01
970929	00055364	1532	00	01
970929	00052068	1551	00	01
970929	00053842	1606	00	01
970929	00015049	1607	00	01
970929	00001307	1614	00	01
970929	00052842	1615	00	01
970929	00035330	1615	00	01
970929	00035330	1727	00	01
970929	00034067	1746	00	01
970929	00011241	1802	00	01
970929	00063826	1845	00	01
970929	00065492	1902	00	01
970929	00052842	1927	00	01
970929	00053842	1929	00	01
970929	00001205	1946	00	01
970929	00035330	1957	00	01
970929	00063710	2002	00	01
970929	00035401	2004	00	01
970929	00052068	2009	00	01
970929	00055364	2117	00	01
971001	00055364	0631	00	01
971001	00015049	0636	00	01
971001	00030294	0659	00	01
971001	00030945	0707	00	01
